Step 16H - End-aligned all-event composites with 95% bootstrap CI
==================================================================
variable  era5_bd_mslp_anom  era5_bd_t850_anom  era5_bd_v850_anom  era5_bd_wspd10_anom  era5_sa_z500_anom  nat_dtr_anom  nat_tmax_anom  nat_tmin_anom
lag                                                                                                                                                  
-5                    -0.49              -1.08              -0.08                 0.20             -22.09         -0.54          -1.56          -1.00
-4                    -0.24              -1.49              -0.55                 0.24             -19.16         -0.20          -1.82          -1.61
-3                     0.13              -1.79              -1.00                 0.23             -14.97          0.56          -1.82          -2.36
-2                     0.32              -1.76              -1.20                 0.22              -6.42          1.12          -1.65          -2.75
-1                     0.38              -1.52              -1.12                 0.10              -2.50          1.64          -1.17          -2.79
 0                    -0.10              -0.99              -0.62                -0.09              -5.64          1.84          -0.50          -2.33
 1                    -0.21              -0.79               0.04                -0.08              -6.84          0.84          -0.29          -1.10
 2                    -0.05              -0.74              -0.04                -0.05              -6.50          0.56          -0.18          -0.72
 3                     0.13              -0.60              -0.23                -0.04              -4.76          0.62          -0.03          -0.66
 4                     0.19              -0.29              -0.04                -0.00              -1.67          0.60           0.14          -0.47
 5                     0.16              -0.12              -0.04                -0.01               0.61          0.59           0.29          -0.31
